k= 1.38*((10)^-23)
ki=0.0032
Tn=298
q=1.6*((10)^-19)
n=1.3
Eg=1.1
Rs=0.221
Rsh=415.405

Pmp=200
Vmp=26.4
Imp=7.58
Voc=32.9
Isc=8.21
Ns=54
Np=1